<?xml version="1.0" standalone="no"?>
<!DOCTYPE svg PUBLIC "-//W3C//DTD SVG 20010904//EN"
 "http://www.w3.org/TR/2001/REC-SVG-20010904/DTD/svg10.dtd">
<svg version="1.0" xmlns="http://www.w3.org/2000/svg"
 width="1280.000000pt" height="994.000000pt" viewBox="0 0 1280.000000 994.000000"
 preserveAspectRatio="xMidYMid meet">
<g transform="translate(0.000000,994.000000) scale(0.100000,-0.100000)"
fill="#000000" stroke="none">
<path d="M7966 9919 c-37 -29 -34 -86 7 -109 24 -13 30 -13 55 0 20 12 28 24
30 52 3 30 -2 39 -27 57 -36 26 -32 26 -65 0z"/>
<path d="M3832 9757 c-28 -30 -28 -58 1 -85 30 -28 58 -28 85 1 28 30 28 58
-1 85 -30 28 -58 28 -85 -1z"/>
<path d="M5832 9707 c-28 -30 -28 -58 1 -85 30 -28 58 -28 85 1 28 30 28 58
-1 85 -30 28 -58 28 -85 -1z"/>
<path d="M1862 9614 c-33 -23 -30 -78 4 -101 21 -14 31 -15 56 -5 25 9 30 8
34 -6 16 -54 29 -67 69 -67 32 0 42 5 55 28 13 24 13 30 0 55 -14 24 -22 27
-65 27 -47 0 -50 2 -53 27 -3 29 -35 58 -62 58 -9 0 -26 -7 -38 -16z"/>
<path d="M2876 9528 c-9 -12 -16 -29 -16 -38 0 -9 7 -26 16 -38 23 -34 83 -27
104 11 13 24 13 30 0 55 -21 37 -81 44 -104 10z"/>
<path d="M1706 9484 c-22 -21 -20 -67 2 -87 40 -37 102 -9 102 46 0 34 -24 57
-60 57 -16 0 -36 -7 -44 -16z"/>
<path d="M2476 9328 c-9 -12 -16 -29 -16 -38 0 -9 7 -26 16 -38 23 -34 83 -27
104 11 13 24 13 30 0 55 -21 37 -81 44 -104 10z"/>
<path d="M5680 9210 c-27 -27 -25 -62 3 -88 30 -28 52 -28 82 3 31 30 32 55 2
83 -29 27 -61 28 -87 2z"/>
<path d="M8426 9078 c-9 -12 -16 -29 -16 -38 0 -9 7 -26 16 -38 23 -34 83 -27
104 11 13 24 13 30 0 55 -21 37 -81 44 -104 10z"/>
<path d="M5606 9061 c-26 -29 -18 -82 17 -101 24 -13 30 -13 55 0 37 21 44 81
10 104 -30 21 -61 20 -82 -3z"/>
<path d="M1206 8861 c-11 -12 -16 -31 -14 -52 5 -59 114 -102 151 -61 18 19
22 59 9 77 -13 19 -83 55 -106 55 -13 0 -31 -9 -40 -19z"/>
<path d="M11457 8662 c-55 -60 26 -149 83 -92 25 25 26 72 2 93 -24 22 -65 21
-85 -1z"/>
<path d="M10449 8596 c-58 -28 -41 -116 21 -116 33 0 70 30 70 58 0 25 -26 59
-49 65 -11 2 -30 -1 -42 -7z"/>
<path d="M3856 8584 c-22 -21 -20 -67 2 -87 40 -37 102 -9 102 46 0 34 -24 57
-60 57 -16 0 -36 -7 -44 -16z"/>
<path d="M5799 8546 c-58 -28 -41 -116 21 -116 33 0 70 30 70 58 0 25 -26 59
-49 65 -11 2 -30 -1 -42 -7z"/>
<path d="M8430 8510 c-28 -28 -25 -64 6 -89 15 -12 33 -21 41 -21 21 0 63 46
63 70 0 28 -35 60 -65 60 -14 0 -34 -9 -45 -20z"/>
<path d="M6357 8312 c-55 -60 26 -149 83 -92 25 25 26 72 2 93 -24 22 -65 21
-85 -1z"/>
<path d="M11780 8303 c-64 -23 -46 -123 22 -123 44 0 75 59 50 96 -7 10 -47
35 -54 33 -2 0 -10 -3 -18 -6z"/>
<path d="M56 8261 c-26 -29 -18 -82 17 -101 24 -13 30 -13 55 0 55 31 34 120
-28 120 -15 0 -35 -9 -44 -19z"/>
<path d="M5480 8253 c-64 -23 -46 -123 22 -123 44 0 75 59 50 96 -7 10 -47 35
-54 33 -2 0 -10 -3 -18 -6z"/>
<path d="M9630 8203 c-64 -23 -46 -123 22 -123 44 0 75 59 50 96 -7 10 -47 35
-54 33 -2 0 -10 -3 -18 -6z"/>
<path d="M11470 8147 c-32 -16 -40 -70 -14 -98 36 -40 104 -12 104 42 0 30 -9
43 -37 58 -26 13 -22 13 -53 -2z"/>
<path d="M1730 8110 c-11 -11 -20 -29 -20 -40 0 -24 42 -70 63 -70 26 0 67 41
67 66 0 31 -33 64 -65 64 -14 0 -34 -9 -45 -20z"/>
<path d="M25 8004 c-32 -34 -31 -39 4 -75 35 -34 49 -36 85 -8 31 25 34 61 6
89 -28 28 -66 25 -95 -6z"/>
<path d="M5407 7812 c-21 -23 -22 -75 -1 -92 23 -20 75 -16 90 5 20 26 17 69
-4 88 -24 22 -65 21 -85 -1z"/>
<path d="M4207 7762 c-21 -23 -22 -75 -1 -92 23 -20 75 -16 90 5 20 26 17 69
-4 88 -24 22 -65 21 -85 -1z"/>
<path d="M5720 7747 c-32 -16 -40 -70 -14 -98 36 -40 104 -12 104 42 0 50 -46
78 -90 56z"/>
<path d="M10820 7747 c-32 -16 -40 -70 -14 -98 36 -40 104 -12 104 42 0 50
-46 78 -90 56z"/>
<path d="M11430 7660 c-28 -28 -25 -64 6 -89 15 -12 33 -21 41 -21 21 0 63 46
63 70 0 28 -35 60 -65 60 -14 0 -34 -9 -45 -20z"/>
<path d="M6970 7647 c-32 -16 -40 -70 -14 -98 36 -40 104 -12 104 42 0 50 -46
78 -90 56z"/>
<path d="M10186 7639 c-15 -12 -26 -30 -26 -45 0 -31 33 -64 65 -64 30 0 65
32 65 60 0 24 -42 70 -63 70 -8 0 -26 -9 -41 -21z"/>
<path d="M11830 7610 c-28 -28 -25 -64 6 -89 15 -12 33 -21 41 -21 21 0 63 46
63 70 0 28 -35 60 -65 60 -14 0 -34 -9 -45 -20z"/>
<path d="M635 7585 c-14 -13 -25 -33 -25 -45 0 -28 35 -60 65 -60 30 0 65 32
65 60 0 25 -42 70 -65 70 -9 0 -27 -11 -40 -25z"/>
<path d="M380 7560 c-11 -11 -20 -29 -20 -40 0 -25 42 -70 65 -70 23 0 65 45
65 70 0 28 -35 60 -65 60 -14 0 -34 -9 -45 -20z"/>
<path d="M3357 7512 c-21 -23 -22 -75 -1 -92 23 -20 75 -16 90 5 20 26 17 69
-4 88 -24 22 -65 21 -85 -1z"/>
<path d="M6307 7412 c-21 -23 -22 -75 -1 -92 23 -20 75 -16 90 5 20 26 17 69
-4 88 -24 22 -65 21 -85 -1z"/>
<path d="M9338 7280 c-25 -37 -104 -209 -115 -250 -8 -28 -5 -57 14 -135 33
-135 23 -215 -28 -215 -25 0 -51 -43 -47 -77 3 -24 -1 -28 -22 -28 -14 -1 -68
-27 -120 -58 -53 -31 -101 -57 -107 -57 -5 0 -26 26 -46 58 -77 125 -232 239
-377 278 -85 22 -234 23 -319 0 -200 -52 -366 -210 -427 -404 -24 -76 -29
-207 -10 -284 39 -168 160 -320 326 -411 47 -26 92 -52 100 -59 48 -39 65
-111 34 -142 -19 -20 -31 -20 -161 0 -58 8 -110 13 -115 12 -6 -2 10 -28 36
-56 25 -29 46 -56 46 -61 0 -15 -24 -27 -105 -50 -154 -43 -176 -61 -191 -156
-5 -40 -16 -58 -63 -106 -31 -33 -64 -59 -73 -59 -10 0 -28 -10 -40 -21 -13
-12 -57 -43 -98 -69 -96 -62 -214 -171 -278 -257 -56 -76 -90 -141 -152 -288
-23 -55 -62 -141 -85 -190 -38 -79 -49 -94 -87 -114 -79 -44 -178 -110 -178
-120 0 -5 53 -30 118 -56 64 -25 123 -54 130 -63 6 -9 12 -31 12 -49 0 -31 -8
-43 -54 -81 -22 -17 -20 -50 5 -106 31 -71 65 -117 115 -158 l45 -37 40 15
c48 20 67 14 71 -23 5 -44 29 -33 49 22 33 93 23 146 -45 245 -36 52 -47 105
-27 125 15 16 39 97 60 204 17 84 28 112 61 161 22 33 50 85 62 115 16 42 31
62 61 83 23 15 59 50 81 79 23 28 66 72 96 96 30 25 108 99 173 166 76 80 123
121 134 119 13 -2 24 -27 39 -88 12 -47 34 -111 48 -144 25 -56 26 -66 26
-249 l0 -190 -100 -201 c-54 -111 -139 -295 -189 -410 -76 -178 -88 -212 -79
-232 8 -18 7 -29 -6 -49 -9 -14 -14 -35 -11 -47 3 -13 -6 -77 -19 -143 -101
-486 -83 -433 -281 -829 -66 -132 -126 -242 -132 -244 -20 -6 -30 35 -38 152
l-8 108 24 -8 c59 -20 99 3 99 56 0 59 -65 78 -112 33 -15 -14 -29 -25 -31
-22 -2 2 -39 92 -82 199 -43 107 -109 268 -147 358 -91 217 -91 213 -37 252
24 17 50 35 58 40 11 6 -5 30 -66 102 -96 113 -192 258 -338 507 l-108 183 6
102 c8 153 41 231 187 437 126 177 190 324 192 441 1 51 -5 71 -41 141 -58
115 -71 159 -71 241 1 96 22 139 117 234 60 58 120 102 248 182 285 175 443
294 479 362 24 45 16 91 -25 141 -41 50 -79 75 -319 209 -307 172 -383 223
-564 381 l-91 79 -50 -5 c-80 -7 -164 -36 -181 -62 -13 -20 -14 -33 -5 -77 27
-126 76 -160 280 -194 52 -8 108 -21 125 -28 32 -13 459 -328 509 -374 49 -47
35 -77 -73 -145 -104 -65 -241 -138 -251 -132 -5 4 -9 19 -9 34 0 54 -68 82
-103 43 -25 -27 -21 -68 9 -96 15 -13 24 -28 21 -32 -3 -5 -89 -52 -192 -104
l-186 -95 -20 24 c-14 17 -19 39 -19 82 0 32 5 61 10 64 6 4 8 15 5 26 -9 27
16 140 34 158 24 24 21 302 -3 386 -59 198 -154 272 -366 282 -129 7 -158 -5
-243 -96 -89 -97 -120 -172 -171 -418 -38 -181 -51 -226 -92 -313 -42 -89 -51
-101 -70 -97 -27 5 -504 336 -511 355 -10 24 19 61 142 186 261 265 494 398
717 412 124 7 134 10 170 45 18 16 38 27 45 25 37 -15 80 34 71 80 -4 24 -64
64 -94 64 -13 0 -72 16 -131 36 -139 46 -157 42 -245 -57 -76 -85 -93 -95
-378 -245 -243 -127 -405 -220 -452 -259 -38 -32 -55 -23 -102 53 -54 89 -79
112 -122 112 -24 0 -48 9 -68 24 -73 56 -225 116 -290 116 -17 0 -49 -12 -71
-25 -34 -21 -52 -25 -123 -25 l-83 0 -68 -64 c-50 -47 -81 -68 -112 -75 -103
-26 -134 -61 -110 -126 21 -59 15 -82 -31 -115 -91 -65 -88 -56 -49 -162 19
-52 20 -60 6 -105 -19 -63 -19 -86 4 -131 32 -63 51 -73 133 -75 57 -2 73 -5
73 -17 1 -36 58 -130 90 -149 39 -23 51 -64 42 -140 -7 -59 -35 -131 -52 -131
-7 0 -41 13 -76 29 -147 66 -237 61 -274 -16 -11 -23 -30 -52 -43 -65 -27 -30
-28 -52 -2 -87 19 -27 19 -38 9 -412 -5 -211 -11 -390 -14 -396 -10 -28 -379
-10 -494 23 -29 8 -56 13 -59 10 -3 -3 9 -48 26 -98 43 -125 42 -142 -8 -168
-21 -11 -41 -20 -44 -20 -3 0 -24 25 -46 55 -58 79 -130 144 -165 151 -17 3
-47 4 -66 2 l-34 -3 61 -32 c62 -32 124 -92 124 -119 0 -23 -18 -52 -41 -64
-16 -9 -27 -7 -53 9 -42 26 -56 26 -56 2 0 -27 46 -57 143 -93 78 -29 105 -32
212 -25 28 2 30 -1 33 -33 2 -23 -6 -52 -22 -83 -14 -26 -24 -47 -21 -47 2 0
46 15 97 34 250 91 627 285 670 344 26 36 38 35 95 -14 78 -67 133 -139 133
-175 0 -40 -26 -89 -98 -185 -101 -135 -111 -142 -431 -287 -128 -58 -286
-136 -352 -173 -132 -75 -391 -271 -426 -322 -22 -33 -33 -74 -80 -296 -15
-71 -33 -130 -45 -147 -15 -20 -19 -35 -14 -56 11 -45 9 -64 -44 -343 -49
-260 -73 -366 -85 -378 -23 -23 -22 37 4 282 l29 268 -38 141 c-69 253 -103
334 -341 807 -163 324 -219 458 -219 517 0 15 14 51 30 78 16 28 30 65 30 83
0 18 -16 81 -35 140 -64 200 -91 371 -103 653 -9 204 -3 292 21 316 16 17 19
16 53 -2 20 -11 43 -29 50 -40 8 -11 34 -49 57 -85 122 -184 190 -276 212
-289 23 -14 27 -13 81 24 32 22 121 100 198 174 78 74 167 160 199 190 56 54
59 55 72 36 28 -39 36 -45 64 -45 16 0 37 10 51 25 20 21 29 23 66 18 23 -3
54 -3 68 1 28 7 96 62 96 78 0 5 -20 33 -45 61 -25 29 -45 55 -45 58 0 4 48
34 107 67 60 33 130 79 156 103 44 38 48 45 43 74 -4 18 -2 44 4 59 8 23 6 31
-20 58 -18 19 -30 42 -30 58 0 34 -23 54 -62 55 -26 0 -32 5 -42 35 -11 33
-14 35 -53 34 -81 -1 -151 -71 -206 -205 -28 -67 -80 -139 -100 -139 -6 0 -28
16 -48 36 l-36 36 -52 -26 c-28 -15 -51 -32 -51 -40 0 -7 7 -33 15 -56 8 -23
15 -53 15 -65 0 -28 -82 -104 -181 -170 -122 -80 -177 -92 -227 -50 -31 26
-86 123 -122 215 -12 30 -30 64 -41 76 -10 11 -16 23 -13 27 3 3 37 3 75 0 61
-5 69 -4 69 11 0 11 -18 25 -47 38 -61 27 -143 105 -193 184 -26 42 -51 68
-74 79 -41 20 -119 101 -113 118 2 7 30 14 66 17 l63 5 36 55 c30 44 43 55 64
55 14 0 29 3 33 6 3 4 17 59 30 124 15 69 35 135 49 160 26 44 99 100 120 92
7 -3 18 -24 25 -48 23 -77 30 -88 56 -95 61 -15 100 37 71 94 -9 17 -16 40
-16 51 0 11 -14 31 -31 44 l-32 25 24 48 c35 71 34 170 -3 244 -57 116 -160
185 -343 230 -76 19 -107 22 -195 17 -254 -14 -455 -120 -534 -282 -26 -52
-30 -72 -30 -145 0 -125 16 -173 84 -239 59 -58 120 -169 120 -217 0 -20 -9
-29 -42 -44 -68 -31 -92 -27 -167 30 -30 23 -41 25 -144 25 -102 0 -118 3
-174 29 -34 16 -69 26 -78 23 -21 -9 -19 -44 5 -74 28 -36 25 -48 -17 -74 -74
-44 -90 -67 -153 -225 -34 -84 -68 -158 -76 -165 -8 -6 -14 -24 -14 -39 0 -15
-9 -53 -20 -86 -11 -32 -19 -65 -18 -72 2 -8 45 8 131 49 85 41 131 59 138 52
6 -6 -5 -82 -35 -224 -92 -433 -166 -753 -181 -776 -13 -20 -19 -22 -37 -12
-19 10 -20 17 -15 84 7 80 4 87 -61 119 l-33 17 -44 -46 c-24 -25 -51 -45 -60
-45 -21 0 -29 -25 -54 -170 -37 -221 -37 -231 -7 -267 32 -38 111 -71 134 -57
9 6 23 33 32 60 16 45 20 49 48 48 39 -2 101 -40 112 -68 4 -12 3 -63 -3 -114
-9 -74 -8 -95 2 -101 7 -5 53 -14 102 -21 121 -17 124 -21 99 -92 -11 -31 -23
-87 -26 -125 -12 -125 27 -382 94 -623 16 -58 43 -154 60 -215 37 -136 110
-478 118 -561 8 -75 -14 -158 -59 -226 -38 -55 -159 -160 -211 -182 -26 -11
-41 -26 -52 -51 -8 -19 -29 -52 -48 -73 -18 -20 -85 -103 -149 -183 l-117
-146 56 -183 c30 -101 105 -312 167 -468 l112 -284 90 6 c50 4 94 11 98 15 5
5 15 40 22 77 38 198 176 615 400 1210 l162 431 -22 299 c-48 621 -58 805 -47
816 14 14 28 -9 212 -352 84 -157 215 -401 291 -542 77 -141 139 -266 139
-278 0 -31 -36 -97 -218 -400 -186 -310 -289 -514 -355 -706 -72 -209 -161
-540 -147 -549 18 -11 786 -55 973 -55 119 0 127 1 127 19 0 22 11 27 87 36
58 7 51 -3 69 111 6 41 42 94 76 114 25 13 29 13 55 -6 36 -26 61 -77 75 -154
l12 -61 85 3 86 3 -2 55 c-1 30 -7 117 -14 192 -6 76 -8 145 -5 154 6 15 21
16 136 9 101 -5 130 -4 130 6 0 6 -34 229 -75 493 l-75 481 2 335 3 335 155
101 c85 56 286 188 446 293 262 172 324 207 324 184 0 -5 -36 -75 -81 -158
-262 -487 -288 -539 -335 -668 -14 -37 -29 -93 -35 -125 -14 -85 -65 -1370
-55 -1380 4 -3 63 -8 131 -10 91 -3 125 -8 125 -17 0 -7 -40 -27 -89 -44 -122
-44 -125 -49 -129 -182 l-4 -109 229 2 228 3 7 63 c12 112 73 188 135 167 35
-13 60 -62 74 -146 6 -35 18 -70 27 -76 23 -19 141 -17 148 2 4 8 1 87 -5 176
-8 116 -8 166 0 181 8 15 8 32 -1 65 -19 64 -5 86 69 114 34 12 66 28 72 35
13 16 -9 86 -72 223 -22 46 -39 88 -39 92 0 5 16 8 37 7 62 -2 95 60 53 102
-27 27 -66 25 -94 -5 -13 -14 -26 -25 -30 -25 -9 0 -113 216 -159 332 -20 47
-45 126 -57 175 -42 165 -16 367 72 568 48 110 122 224 284 440 82 110 166
227 186 260 96 158 118 371 53 512 -42 92 -98 157 -211 244 -139 108 -140 109
-121 203 8 40 28 102 43 137 15 36 30 93 33 129 11 113 33 98 253 -172 212
-260 271 -337 423 -553 167 -238 153 -191 121 -396 -18 -115 -31 -392 -22
-442 6 -31 12 -38 54 -53 26 -9 52 -23 58 -30 7 -8 14 -101 18 -236 4 -123 13
-293 20 -378 7 -85 11 -161 9 -167 -4 -9 -12 -7 -30 7 -33 25 -68 25 -93 0
-27 -27 -25 -56 5 -85 30 -31 46 -31 83 0 16 13 32 22 36 18 3 -3 6 -35 6 -70
0 -65 -1 -67 -47 -63 -13 1 -23 -2 -23 -7 0 -4 7 -116 15 -248 15 -250 20
-713 7 -730 -4 -5 -20 -17 -37 -25 -24 -12 -31 -23 -33 -52 -3 -31 1 -39 25
-54 50 -31 51 -36 46 -172 -2 -70 -1 -131 4 -137 4 -5 25 -18 46 -27 l37 -18
20 32 c24 40 63 202 91 378 24 150 34 172 70 146 32 -22 64 -20 89 6 27 29 25
54 -5 84 -21 21 -31 24 -60 18 -43 -8 -42 -26 -11 237 33 278 44 445 61 999
12 363 19 478 29 488 11 11 47 10 207 -4 133 -11 234 -14 320 -10 l127 7 38
-53 c21 -29 98 -135 171 -235 147 -200 200 -292 232 -397 27 -88 28 -136 2
-143 -19 -5 -19 -14 -14 -211 6 -229 0 -286 -63 -596 -36 -174 -46 -201 -96
-273 l-30 -41 27 -36 c22 -29 28 -48 29 -93 1 -53 -1 -57 -24 -63 -14 -3 -32
-18 -40 -33 -35 -63 51 -117 106 -66 21 19 24 20 30 5 3 -9 3 -31 0 -49 -10
-51 10 -70 81 -75 56 -4 62 -2 79 22 52 74 45 71 89 36 84 -67 226 -122 366
-140 94 -13 146 -5 163 24 9 15 2 26 -45 69 -47 44 -109 141 -109 170 0 4 21
6 48 4 l47 -2 5 215 6 215 57 210 c83 301 124 471 132 540 9 73 41 229 57 270
6 17 38 76 70 133 92 160 135 256 179 394 26 82 57 155 89 210 52 86 145 184
187 194 20 5 67 -38 346 -319 177 -178 348 -347 381 -374 l58 -48 -12 -44
c-32 -120 -42 -220 -50 -516 -9 -327 -12 -355 -75 -639 -19 -87 -35 -168 -35
-179 0 -19 4 -20 90 -13 106 8 103 12 114 -121 3 -45 9 -89 12 -97 3 -7 32
-19 67 -26 68 -13 60 -18 110 59 46 71 73 64 129 -36 56 -99 102 -121 264
-130 83 -5 107 -2 137 12 78 37 53 88 -74 151 -85 42 -121 73 -154 131 -15 26
-16 34 -6 47 8 9 23 16 36 16 12 0 37 5 54 11 29 10 32 15 28 43 -4 30 -58
291 -153 746 -25 118 -61 309 -80 424 -40 239 -54 288 -120 406 -62 112 -254
510 -254 526 0 12 218 104 246 104 7 0 32 -25 55 -55 39 -51 44 -75 15 -75
-25 0 -48 -37 -44 -71 2 -24 11 -38 29 -48 23 -12 29 -12 59 2 43 22 48 22 62
-8 6 -14 17 -25 23 -25 22 0 62 63 130 201 60 124 125 222 163 243 13 8 14 -2
8 -85 -4 -52 -11 -145 -16 -208 -14 -182 -9 -189 137 -225 l87 -21 62 -155
c162 -410 169 -431 168 -500 -1 -78 -40 -214 -218 -757 -69 -210 -128 -398
-132 -417 -16 -87 113 -277 230 -339 34 -18 57 -22 136 -22 90 0 98 2 155 34
85 48 161 108 233 185 50 54 62 73 62 100 0 19 -7 39 -16 47 -40 33 -85 158
-128 359 -59 275 -55 409 20 643 56 174 56 201 4 478 -44 231 -67 406 -58 431
5 11 29 19 75 26 129 20 160 22 176 9 19 -14 316 -514 358 -602 26 -54 29 -70
29 -161 0 -115 -12 -188 -75 -448 -76 -314 -107 -513 -121 -779 -4 -70 -10
-130 -14 -132 -5 -3 -22 3 -39 12 -28 16 -33 17 -58 3 -21 -12 -29 -24 -31
-52 -3 -31 1 -40 23 -54 22 -15 32 -16 59 -6 18 7 35 12 39 12 4 0 7 -29 7
-65 0 -53 3 -65 16 -65 14 0 15 7 10 45 -9 57 10 61 39 7 13 -24 28 -38 44
-40 29 -5 41 12 41 59 0 57 16 70 92 72 l66 1 36 -43 c20 -24 49 -65 63 -90
15 -25 33 -54 41 -63 18 -22 71 -23 98 -3 25 19 44 19 44 0 0 -12 17 -15 93
-15 99 0 108 3 126 38 20 38 -3 88 -50 113 -31 15 -40 25 -37 42 3 19 12 23
71 31 78 11 78 10 42 116 -31 92 -89 311 -109 415 -21 107 -34 216 -50 415
l-13 165 28 33 c41 47 37 82 -11 107 -26 13 -28 20 -35 97 -14 172 -36 345
-50 395 -22 75 -99 241 -260 563 -128 255 -146 296 -165 385 -28 133 -66 269
-144 515 -35 113 -76 248 -90 300 -51 194 -98 533 -75 555 7 7 13 5 19 -6 5
-9 48 -70 94 -135 106 -147 219 -272 405 -445 172 -161 247 -252 382 -466 56
-90 106 -163 111 -163 5 0 11 7 14 15 4 8 12 15 19 15 18 0 22 -50 33 -390 l9
-285 42 -165 c75 -299 72 -249 71 -1102 l-1 -767 38 -19 c21 -11 71 -32 111
-47 83 -32 84 -36 46 -120 -52 -114 -66 -203 -39 -255 44 -86 276 -108 346
-33 24 25 24 26 21 234 l-4 209 31 29 32 29 -16 194 c-25 304 -53 570 -80 738
-36 228 -43 300 -32 340 5 19 13 109 18 200 5 91 12 188 15 216 4 35 1 62 -10
89 -26 61 -29 158 -13 320 9 83 21 209 27 280 6 72 16 135 21 140 30 30 145
-198 228 -453 33 -100 65 -190 70 -200 7 -11 10 642 11 1975 l0 1991 -22 -6
c-11 -3 -67 -51 -123 -106 -112 -112 -155 -182 -155 -252 0 -49 6 -55 104
-105 l71 -36 -1 -117 c-2 -116 -2 -116 22 -116 14 0 24 -6 24 -14 0 -15 -12
-20 -71 -30 -71 -12 -108 -84 -168 -321 -77 -307 -91 -338 -393 -854 -140
-240 -168 -293 -168 -321 0 -17 6 -20 49 -20 28 0 53 -4 56 -10 3 -5 3 -32 -1
-60 -9 -72 -27 -81 -151 -82 -112 -1 -195 22 -271 74 -62 43 -172 148 -222
213 l-42 55 26 31 c32 37 32 48 5 84 -22 27 -46 30 -91 11 -20 -9 -32 8 -158
239 -112 206 -171 293 -214 310 -17 7 -92 18 -166 24 -129 12 -157 21 -142 46
3 5 24 34 45 63 22 29 38 55 35 57 -3 3 -69 -22 -147 -55 -78 -34 -150 -60
-159 -58 -14 3 -17 15 -17 65 0 51 4 66 24 87 14 14 34 26 45 26 15 0 21 7 22
23 1 17 35 146 60 225 2 8 13 16 24 19 11 3 20 12 20 19 0 8 21 75 46 151 58
174 65 243 34 344 -12 41 -36 99 -53 128 -38 68 -146 179 -209 215 -61 36
-281 85 -408 92 -106 6 -180 -10 -264 -60 -51 -30 -151 -156 -212 -267 -42
-77 -57 -94 -75 -83 -16 10 -5 140 22 255 13 57 20 110 17 140 -4 41 -2 52 19
70 28 27 29 60 4 116 -24 52 -51 67 -107 59 -40 -5 -44 -4 -44 16 0 11 9 52
21 90 24 82 23 117 -3 78z m-308 -881 c87 -33 94 -43 64 -100 -8 -16 -31 -76
-50 -132 -20 -55 -64 -155 -98 -222 -35 -66 -68 -133 -75 -150 -44 -111 -59
-136 -106 -174 -56 -47 -111 -69 -127 -53 -8 8 0 21 26 45 24 23 36 43 36 61
0 37 11 56 92 156 81 99 110 151 133 241 20 74 23 221 6 292 -11 48 -9 67 10
67 5 0 46 -14 89 -31z m380 -261 c19 -73 22 -80 52 -132 47 -80 92 -130 173
-191 41 -31 79 -64 85 -75 6 -11 17 -16 28 -13 10 2 48 -9 84 -26 36 -17 68
-31 71 -31 4 0 29 -16 56 -35 27 -20 73 -44 103 -54 l53 -18 3 -72 c2 -41 -2
-78 -8 -86 -7 -8 -58 -15 -158 -20 -81 -4 -176 -10 -212 -14 l-65 -7 72 -47
c40 -26 75 -52 78 -57 4 -6 -11 -17 -32 -26 -127 -52 -206 -114 -243 -189 -28
-58 -32 -88 -84 -705 -56 -653 -61 -693 -92 -747 -47 -82 -163 -155 -253 -159
-63 -3 -86 -21 -86 -67 0 -31 -1 -32 -74 -51 l-75 -20 -113 119 c-63 65 -116
130 -120 144 -4 16 0 36 11 55 208 360 291 550 356 810 55 218 56 364 5 688
-14 88 -25 173 -25 190 0 36 45 119 107 200 31 41 54 89 82 170 22 62 48 133
59 158 20 47 66 211 76 270 7 36 41 80 62 80 7 0 18 -19 24 -42z m-4628 -261
c106 -94 158 -131 348 -252 199 -126 193 -121 175 -154 -7 -14 -43 -63 -79
-108 -107 -132 -262 -261 -423 -351 -46 -25 -83 -49 -83 -53 0 -4 42 -17 93
-28 50 -12 133 -31 182 -42 87 -21 479 -158 675 -236 l95 -38 3 -43 c7 -93
-62 -269 -141 -358 -39 -45 -41 -46 -86 -39 -68 10 -243 70 -347 119 -155 74
-247 145 -364 285 -113 134 -165 228 -219 391 -11 36 -31 82 -44 102 -31 52
-111 109 -204 148 -143 59 -163 69 -163 81 0 14 90 100 163 157 27 21 50 48
53 62 12 52 46 150 55 155 5 4 9 19 9 34 0 46 29 116 60 146 27 26 136 94 152
95 4 0 45 -33 90 -73z m5145 -1299 c152 -203 233 -340 248 -418 18 -98 -187
-508 -328 -655 -36 -37 -51 -46 -74 -43 -50 6 -57 48 -56 323 0 230 15 452 48
725 18 147 31 200 49 200 8 0 58 -60 113 -132z m-880 -1353 c7 -21 -26 -57
-50 -53 -25 4 -42 30 -34 52 8 21 75 22 84 1z m-6147 -2075 c0 -5 -4 -10 -10
-10 -5 0 -10 5 -10 10 0 6 5 10 10 10 6 0 10 -4 10 -10z m-500 -55 c11 -13 6
-22 -30 -56 -50 -48 -80 -49 -92 -4 -5 17 -6 40 -3 53 5 19 12 22 59 22 36 0
58 -5 66 -15z"/>
<path d="M8979 4039 c-27 -27 -21 -67 14 -93 26 -19 30 -19 55 -5 15 8 31 27
36 42 8 22 6 31 -14 52 -29 30 -63 32 -91 4z"/>
<path d="M4662 5794 c-34 -23 -27 -83 11 -104 24 -13 30 -13 55 0 37 21 44 81
10 104 -12 9 -29 16 -38 16 -9 0 -26 -7 -38 -16z"/>
<path d="M2965 7265 c-14 -13 -25 -31 -25 -40 0 -23 45 -65 70 -65 28 0 60 35
60 65 0 30 -32 65 -60 65 -12 0 -32 -11 -45 -25z"/>
<path d="M3355 7210 c-13 -14 -16 -30 -13 -58 5 -34 2 -40 -23 -55 -54 -31
-30 -117 33 -117 40 0 62 32 55 80 -5 36 -2 42 18 50 24 9 35 29 35 64 0 50
-70 74 -105 36z"/>
<path d="M4180 7210 c-11 -11 -20 -29 -20 -40 0 -25 42 -70 65 -70 23 0 65 45
65 70 0 28 -35 60 -65 60 -14 0 -34 -9 -45 -20z"/>
<path d="M12036 7089 c-15 -12 -26 -30 -26 -45 0 -31 33 -64 65 -64 30 0 65
32 65 60 0 24 -42 70 -63 70 -8 0 -26 -9 -41 -21z"/>
<path d="M7012 6794 c-28 -19 -30 -74 -4 -97 42 -38 102 -8 102 51 0 32 -29
62 -60 62 -9 0 -26 -7 -38 -16z"/>
<path d="M7186 6689 c-15 -12 -26 -30 -26 -45 0 -31 33 -64 65 -64 30 0 65 32
65 60 0 24 -42 70 -63 70 -8 0 -26 -9 -41 -21z"/>
<path d="M980 6510 c-25 -25 -25 -51 -2 -80 35 -43 112 -15 112 41 0 27 -35
59 -65 59 -14 0 -34 -9 -45 -20z"/>
<path d="M11776 6408 c-33 -47 -5 -100 51 -100 30 0 63 33 63 63 0 52 -85 79
-114 37z"/>
<path d="M11282 5387 c-12 -13 -22 -33 -22 -45 0 -29 34 -62 64 -62 25 0 66
41 66 65 0 23 -41 65 -64 65 -12 0 -32 -10 -44 -23z"/>
<path d="M7532 5287 c-28 -30 -28 -58 1 -85 30 -28 58 -28 85 1 28 30 28 58
-1 85 -30 28 -58 28 -85 -1z"/>
<path d="M2112 4294 c-34 -23 -27 -83 11 -104 24 -13 30 -13 55 0 37 21 44 81
10 104 -12 9 -29 16 -38 16 -9 0 -26 -7 -38 -16z"/>
<path d="M6579 4239 c-27 -27 -21 -67 14 -93 26 -19 30 -19 55 -5 15 8 31 27
36 42 8 22 6 31 -14 52 -29 30 -63 32 -91 4z"/>
<path d="M3029 3776 c-35 -17 -46 -58 -25 -91 24 -37 83 -33 106 8 13 24 13
30 0 53 -19 34 -50 46 -81 30z"/>
<path d="M2456 3691 c-26 -29 -18 -82 17 -101 24 -13 30 -13 55 0 55 31 34
120 -28 120 -15 0 -35 -9 -44 -19z"/>
<path d="M5052 3429 c-53 -20 -51 -101 3 -115 59 -15 104 41 72 90 -18 28 -44
36 -75 25z"/>
<path d="M2480 3290 c-28 -28 -25 -64 6 -89 15 -12 33 -21 41 -21 21 0 63 46
63 70 0 28 -35 60 -65 60 -14 0 -34 -9 -45 -20z"/>
<path d="M10607 2942 c-26 -28 -22 -78 7 -97 45 -30 96 1 96 58 0 50 -70 76
-103 39z"/>
<path d="M9630 2790 c-28 -28 -25 -64 6 -89 15 -12 33 -21 41 -21 21 0 63 46
63 70 0 28 -35 60 -65 60 -14 0 -34 -9 -45 -20z"/>
<path d="M1557 2742 c-21 -23 -22 -75 -1 -92 23 -20 75 -16 90 5 20 26 17 69
-4 88 -24 22 -65 21 -85 -1z"/>
<path d="M7157 2642 c-21 -23 -22 -75 -1 -92 23 -20 75 -16 90 5 20 26 17 69
-4 88 -24 22 -65 21 -85 -1z"/>
<path d="M4680 2540 c-28 -28 -25 -64 6 -89 15 -12 33 -21 41 -21 21 0 63 46
63 70 0 28 -35 60 -65 60 -14 0 -34 -9 -45 -20z"/>
<path d="M5870 2527 c-32 -16 -40 -70 -14 -98 36 -40 104 -12 104 42 0 50 -46
78 -90 56z"/>
<path d="M9730 2490 c-28 -28 -25 -64 6 -89 15 -12 33 -21 41 -21 21 0 63 46
63 70 0 28 -35 60 -65 60 -14 0 -34 -9 -45 -20z"/>
<path d="M8280 2240 c-28 -28 -25 -64 6 -89 15 -12 33 -21 41 -21 21 0 63 46
63 70 0 28 -35 60 -65 60 -14 0 -34 -9 -45 -20z"/>
<path d="M4613 2125 c-29 -20 -31 -75 -5 -98 42 -38 102 -8 102 50 0 50 -56
77 -97 48z"/>
<path d="M4957 1842 c-46 -51 8 -131 66 -101 29 16 37 28 37 60 0 52 -69 79
-103 41z"/>
<path d="M6312 1824 c-28 -19 -30 -74 -4 -97 42 -38 102 -8 102 51 0 32 -29
62 -60 62 -9 0 -26 -7 -38 -16z"/>
<path d="M10557 1792 c-46 -51 8 -131 66 -101 29 16 37 28 37 60 0 52 -69 79
-103 41z"/>
<path d="M1207 1642 c-37 -41 -11 -102 43 -102 36 0 60 23 60 59 0 54 -68 82
-103 43z"/>
<path d="M3326 638 c-9 -12 -16 -29 -16 -38 0 -9 7 -26 16 -38 23 -34 83 -27
104 11 13 24 13 30 0 55 -21 37 -81 44 -104 10z"/>
<path d="M11717 529 c-10 -6 -22 -21 -27 -34 -5 -13 -21 -29 -37 -37 -64 -31
-48 -118 22 -118 29 0 39 6 54 31 11 17 33 39 50 50 72 44 11 150 -62 108z"/>
<path d="M5290 521 c0 -16 22 -64 38 -83 11 -13 30 -18 67 -18 51 0 51 0 73
46 13 26 21 49 18 51 -3 3 -18 1 -35 -5 -27 -10 -46 -8 -138 13 -13 3 -23 1
-23 -4z"/>
<path d="M9462 274 c-34 -23 -27 -83 11 -104 24 -13 30 -13 55 0 37 21 44 81
10 104 -28 20 -48 20 -76 0z"/>
<path d="M10782 267 c-12 -13 -22 -32 -22 -43 0 -26 40 -64 67 -64 22 0 63 43
63 65 0 23 -41 65 -64 65 -12 0 -32 -10 -44 -23z"/>
<path d="M5557 192 c-21 -23 -22 -66 -1 -86 36 -37 104 -7 104 46 0 51 -69 78
-103 40z"/>
<path d="M11156 194 c-9 -8 -16 -28 -16 -44 0 -36 23 -60 59 -60 54 0 82 68
43 103 -23 21 -66 22 -86 1z"/>
<path d="M7582 167 c-28 -30 -28 -58 1 -85 30 -28 58 -28 85 1 28 30 28 58 -1
85 -30 28 -58 28 -85 -1z"/>
<path d="M10512 124 c-32 -22 -27 -79 10 -107 l26 -20 31 22 c39 28 44 81 9
105 -28 20 -48 20 -76 0z"/>
</g>
</svg>
